
Correctly Classified Instances       11847               49.9831 %
Incorrectly Classified Instances     11855               50.0169 %
Kappa statistic                          0.4697
Mean absolute error                      0.0549
Root mean squared error                  0.203 
Relative absolute error                 52.2861 %
Root relative squared error             87.8895 %
Total Number of Instances            23702     

=== Detailed Accuracy By Class ===

                 TP Rate  FP Rate  Precision  Recall   F-Measure  MCC      ROC Area  PRC Area  Class
                 0.577    0.002    0.526      0.577    0.550      0.550    0.875     0.504     三农
                 0.796    0.013    0.841      0.796    0.818      0.803    0.940     0.822     体育
                 0.332    0.040    0.351      0.332    0.341      0.300    0.801     0.258     军事
                 0.568    0.022    0.630      0.568    0.597      0.573    0.869     0.593     动漫
                 0.156    0.010    0.474      0.156    0.235      0.249    0.765     0.234     历史
                 0.380    0.026    0.361      0.380    0.370      0.345    0.828     0.298     宗教
                 0.475    0.212    0.013      0.475    0.025      0.049    0.755     0.045     时事
                 0.773    0.021    0.774      0.773    0.773      0.752    0.915     0.790     时尚
                 0.406    0.014    0.650      0.406    0.500      0.491    0.839     0.423     汽车
                 0.152    0.002    0.478      0.152    0.230      0.265    0.790     0.177     法律
                 0.710    0.015    0.536      0.710    0.611      0.606    0.925     0.681     电影
                 0.382    0.011    0.613      0.382    0.470      0.466    0.829     0.425     科技
                 0.386    0.014    0.514      0.386    0.441      0.427    0.834     0.406     综艺娱乐
                 0.736    0.021    0.687      0.736    0.711      0.693    0.867     0.725     美妆
                 0.870    0.045    0.537      0.870    0.664      0.661    0.956     0.640     美食
                 0.304    0.015    0.661      0.304    0.416      0.415    0.800     0.412     艺术
                 0.461    0.026    0.715      0.461    0.560      0.528    0.847     0.582     萌宠
                 0.346    0.013    0.760      0.346    0.475      0.478    0.817     0.495     设计
Weighted Avg.    0.500    0.021    0.637      0.500    0.538      0.525    0.852     0.529     

=== Confusion Matrix ===

    a    b    c    d    e    f    g    h    i    j    k    l    m    n    o    p    q    r   <-- classified as
   41    0    1    1    1    1   16    0    0    0    0    3    1    0    6    0    0    0 |    a = 三农
    0 1520   58   27   10   18  153   27   10    1   10   11   11    8   16    7   20    2 |    b = 体育
    3   24  479   43   43   31  462   55   21    3   27   21   32   37   87   15   53    5 |    c = 军事
    4   21   39  821   11   21  228   27    7    3   39   10   17   38   40   24   57   38 |    d = 动漫
    9   36   84   46  206   67  557   25   15    7   46   23   23   26   70   22   46   11 |    e = 历史
    1   16   22   17   13  337  285   21   10   10   10   10   22   12   53   18   27    3 |    f = 宗教
    0    7   19    2    4    8   66    3    6    3    6    3    1    0    4    1    3    3 |    g = 时事
    0   14   78   12    1   20  126 1589   44    1   12   15    8   57   30    8   21   20 |    h = 时尚
    0   27   74   34   12   26  403   22  563    8   32   31   18   19   48   19   38   13 |    i = 汽车
    1    5   20    4    8   10  139    5    6   44    6    9    6    4   12    2    7    2 |    j = 法律
    0    5    9   22    4   14   60    5    2    0  406    4    5    5    8    5   15    3 |    k = 电影
    0   22   33   32   13   36  256   21   18    2   27  382   13   33   49    8   41   15 |    l = 科技
    2   15   19   26    7   40  226   24    7    1   26   16  340   23   51    7   42    9 |    m = 综艺娱乐
    0    3  184    3    2    8   26   14   79    2    3    1    3 1031   17    1   21    2 |    n = 美妆
    5    5    3    5    4    6   79    4   17    1    6    3    3    6 1156    1   10   14 |    o = 美食
    5   42  100   65   58  117  577   51   11    4   28   27   57   60   78  639   56  130 |    p = 艺术
    2   27   55   65   22   71  786   65   14    2   29   19   59   62  276   16 1347    8 |    q = 萌宠
    5   18   88   79   16  102  618   96   36    0   44   35   43   79  152  174   81  880 |    r = 设计

