1.1746307394
1.15636320883
1.39274998804
1.08809749295
1.29079749929
1.18505698208
1.07692194414
1.09476929664
1.11681153166
1.19350237977
1.23465660485
1.09903003039
1.16024526327
1.14763724043
1.10840214971
1.12238418247
1.21100270814
1.27730787067
1.21772596508
1.18367315729
1.15735795971
1.22885234893
1.46351662696
1.19450759161
1.18239038117
1.17603427091
1.07867897985
1.1529555919
1.17931488006
1.12957555396
1.15336830001
1.12172351687
1.24617348877
1.1984485265
1.10483338694
1.20669675675
1.16576218925
1.16809043795
1.27944603747
1.20653945166
1.19755264515
1.21610566463
1.12822596401
1.12161582287
1.15814438998
1.19304856227
1.07134556546
1.28020728685
1.12324631152
1.38655896145
1.18559021218
1.20158211041
1.19438335868
1.24640015857
1.20735955306
1.30390018964
1.19260613334
1.15950161842
1.09115382741
1.16986948693
1.22179952306
1.24117935667
1.23775983785
1.06984538003
1.15379615336
1.17724027916
1.14260565142
1.14892318347
1.09224431636
1.09864655973
1.18038594523
1.15526204933
1.09742481065
1.18942999518
1.1113541259
1.19817218204
1.08127979618
1.2109590478
0.0755111619498
1.09560060732
1.14774831181
1.14174895153
1.1310522027
1.06288793813
1.16868402386
1.14021987935
1.09337469231
1.15522556832
1.44500153576
1.17538474092
1.16683162065
1.09457451933
1.21991019144
1.17811014694
1.18545758582
1.21700776134
1.11635623305
1.17426603796
1.15424195215
1.18515404698
1.11659587148
1.18681775998
1.17084754763
1.15472193983
1.14202806474
1.11466634988
1.28529450269
1.1361873028
1.28690697079
1.20428096118
1.15980870866
1.24627203538
1.26815079496
1.07301479784
1.16009461351
1.23558723594
1.17312899299
1.23352219643
1.11298462942
1.11288252797
1.18388832672
1.20303878583
1.19182603286
1.17782877539
1.39588473537
1.16685737754
1.09119608501
1.47280734312
1.15379126368
1.35667716446
1.38032202198
1.16469054182
1.1561937099
1.164982132
1.23508092701
1.17811014694
1.33655025746
1.36300545609
1.12422996893
1.19065312122
1.3555492906
1.1847068222
1.10541454897
1.14282025432
1.24860695784
1.21722995116
1.09966003927
1.25574791637
1.21833973483
1.22240208915
1.26750852165
1.20898257128
1.25634119356
1.19617928798
1.24303060962
1.13685299186
1.22128462424
1.27092810845
1.18378448439
1.14484607855
1.12450418066
1.20547931284
1.10491214791
1.17811014694
1.31864986453
1.18785746736
1.17491358798
1.19280570278
1.13237566274
1.26741468677
1.23737046704
1.15204973415
1.1841467327
1.181488927
1.162015235
1.181488927
1.25387083584
1.17019413381
1.23513917807
1.1881918491
1.1519425456
1.24389857577
1.19297687348
1.18542974241
1.14104856181
1.24553038357
1.24818823321
1.18727912116
1.11550743536
1.18112896731
1.14162216514
1.16240581223
1.15072237826
1.20355445567
1.13613513911
1.1607008801
1.15896364298
1.18292393891
1.21027043844
1.16784314269
1.34849432939
1.14740149506
1.1389114505
1.07489895129
1.10813722839
1.20509653542
1.17428413796
1.18591966792
1.34380585015
1.28932446884
1.1605998354
1.22071688898
1.26446604289
1.34180049157
1.10537362959
1.11950616238
1.18730025432
1.07753371134
1.21095014046
1.16585667803
1.20273034343
1.51957051794
1.23428850622
1.52586467307
1.08624426218
1.48439356939
1.29105258698
1.49845419637
1.09870635091
1.47746829884
1.19462694757
1.49944989899
1.32565524695
1.10884509216
1.22344829406
1.29925250515
1.2001769903
1.15335621732
1.16802629214
1.18450735005
1.11646211352
1.26196269181
1.23228668258
1.24795727338
1.06491015785
1.44292956768
1.25198537847
1.14175785546
1.44560244651
1.60474756569
1.14622680159
1.36668823985
1.18059201237
1.30265032374
1.15986565627
1.11003336322
1.16587237197
1.09989871714
1.17338477217
1.2115057995
1.22357625923
1.23380582482
1.1768954981
1.18112896731
1.11781165407
1.17191389398
1.16081467972
1.32800314829
1.08691023109
1.50276982513
1.17169775836
1.17316264758
1.16088239179
1.45004490028
1.31357309633
1.42394738311
1.09265954462
1.11122743353
1.1060225392
1.26362479115
1.12572784875
1.10030326899
1.23681614979
1.34264146512
1.20966975148
1.25699912661
1.21543516012
1.30290841028
1.13843368792
1.19198951759
1.14061454612
1.2798804121
1.08800949
1.4855323895
1.188791338
1.08783295126
1.11903248181
1.11874009796
1.18122151556
1.33333545799
1.27700589159
1.44741532084
1.11727246964
1.26135927409
1.14682717222
1.13244087414
1.16927420798
1.22884454652
1.26100316877
1.21697181018
1.17352326158
1.2606053527
1.5138041158
1.29456677277
1.10498067892
1.27023607428
1.21644749689
1.20081717253
1.18377498945
1.13804976555
1.11799458797
1.08085026413
1.38988425108
1.23660631791
1.09735905632
1.20192599501
1.13666691992
1.11081893417
1.08371059055
1.13975614954
1.17834388227
1.16926741698
1.40032567659
1.27029270585
1.24738480531
1.11772522539
1.1725538562
1.22421429495
1.25454269137
1.18690289248
1.13383931488
1.09834549652
1.17786694895
0.208305330427
1.10174381687
1.15230779389
1.35715862526
1.2331623783
1.19155014026
1.15266583822
1.17798182017
1.15172424183
1.08806799914
1.46254318763
1.12687676882
1.16968826282
1.13860725751
1.22507707335
1.33694381394
1.08791485356
1.17021792726
1.35292197042
1.20067322975
1.15636320883
1.28585106612
1.38164849038
1.16022633738
1.14989021098
1.16945329514
1.38114105449
1.12035126902
1.45722658951
1.07356416273
1.15333366747
1.10242764324
0.184824865753
1.07598935921
1.36463792204
1.20452909358
1.24619507044
1.11265837619
0.141434227485
1.1964261659
1.31738006355
1.26914162761
1.22988082841
1.23050104917
0.219315506882
1.41461220726
1.25311629959
1.27103287485
1.08950433611
1.16807247352
1.187500776
1.25484389018
1.15234578126
1.17285503386
1.12252340187
1.16880223698
1.23618751894
1.14704377606
1.11276037917
1.1629181776
1.24769438816
0.125541412571
1.50876366282
1.13835234135
1.10577457578
1.14958607835
1.18373638583
1.08040890497
0.10242756904
1.12457280552
1.18212766789
1.22712508919
1.39810595585
1.11172347507
1.29740511788
1.22007889483
0.171148161012
1.16800579296
1.24793530494
1.12952531193
1.33305522581
1.31142917183
1.07096932368
1.08590705873
1.13128607002
1.46797749437
1.07820723242
1.31750474234
1.465953335
1.65673377848
1.42304017904
1.12908058808
0.0821145682684
0.125562951572
1.17415214745
1.12286142948
1.29962455314
1.19789183579
1.16593919961
1.1764076552
1.20571871556
1.11289308204
1.12986096554
1.17942211885
1.1928011767
1.11251693018
1.11008554354
1.10710149621
1.1673669994
1.12227188828
1.2250682528
1.22962953435
1.20779517144
1.15681493174
1.16300319334
1.14858745511
0.0925801498953
1.12566115437
1.32268564427
1.3999021535
1.14432497923
1.09604210153
1.38910217937
1.29943595393
1.21717963962
1.17350978245
1.23099417173
1.22559677211
1.18945812999
1.18373271776
1.25181835381
1.17838201832
1.07391025897
1.22169235047
1.15636320883
1.26228090782
1.34499182949
1.20986533968
1.2649381337
1.34843053167
1.23303161539
1.11695734137
1.17121894991
1.11064005054
1.26558750284
1.21319653664
1.14157473436
1.18584938327
1.19880370995
1.09898818218
1.10583118999
1.18361948148
1.3955359334
1.25827226918
1.16397380111
1.12392530072
1.29526999935
1.10344765872
1.08594521572
1.24037967184
1.14786502632
1.36839006573
1.15918280059
1.21342689382
1.15636320883
1.13106922996
1.23141339271
0.115544198223
1.2910349497
1.08721661617
1.38087660508
1.39310109752
1.20748193861
1.0721558003
1.50204295964
1.47353564799
1.11095233733
1.12144678344
1.1544905932
1.18925732701
1.1314028106
1.11810797538
1.15450173523
1.40165385737
1.35612916663
1.21851796576
1.39523599916
1.35951576987
1.24215961521
1.12324250602
1.17686985275
1.14495602848
1.39406053555
1.1277816559
1.39362767086
1.13026124532
1.12584421304
1.2625417472
1.16208966203
1.36496000368
1.39744095758
1.09426968972
1.24131051801
1.22865417499
1.28499460826
1.14440448968
1.24087195495
1.11909220507
1.18152936761
1.12692153209
1.17543581493
1.14345388346
1.18633061831
1.10784181974
1.23932112855
1.162015235
1.37603412421
1.26441011632
1.18945049068
1.28604251462
1.17577274456
1.25725836979
1.17236466381
1.24482417231
1.1535586175
1.21085543139
1.32463621666
1.2216444363
1.11734315572
1.0752853024
1.12394427523
1.23398752123
1.16874983817
1.16125294805
1.07401346235
1.16571278324
1.18906617178
1.21947294417
1.2050914281
1.09859770385
1.11668881456
1.12742704665
1.23396170043
1.12862918489
1.19974969738
1.13750017041
1.14437135733
1.1378829617
1.26204316362
1.20202267165
1.210667913
1.23372283805
1.32673767309
1.27025052577
1.18938294338
1.24403758136
1.33828731696
1.25668295648
1.08381575458
1.17694603194
1.26530477213
1.18917039601
1.24341428918
1.28950852998
1.20663861516
1.34751093681
1.18404289228
1.29319080523
1.41576493745
1.25110311791
1.07446735134
1.11224458737
1.09257702349
1.34034103982
1.07016460012
1.22394337979
1.26708931401
1.46011051873
1.17056947804
1.11725652794
1.28973433946
1.21573268556
1.1152366869
1.16643629569
1.28727193042
1.42418408822
1.13603699943
1.18113285522
1.11096814175
1.39523629988
1.11679461806
1.52993852621
1.09335288427
1.25054677453
1.14471449439
1.22370600936
1.10294449664
1.32408191646
1.36175738825
1.19182603286
1.4241310245
1.08359641126
1.20753661424
1.24904612644
1.40911361643
1.26182667448
1.33864758391
1.2747331336
1.17811014694
0.118266878342
1.19065312122
1.16544645027
1.27583610143
1.37286240059
1.30224751694
1.38161818895
1.1625703349
1.13277077454
1.17963245226
1.38186487569
1.1481614596
1.36620647471
1.12291288672
1.08013477601
1.15158571795
1.13416836476
1.23505770166
1.10638192948
1.22808944794
1.15858731404
1.18760017166
1.07945797471
1.15682655035
1.1261576752
1.13890913735
1.15303493922
1.40314208988
1.11635623305
0.107735989097
1.17702769939
1.12163281983
1.36912158417
1.22636072561
1.24642850161
1.18373638583
1.37012362733
1.32941686805
1.14188453882
1.14348871987
1.13535902629
1.30436844141
1.1588636876
1.1793577963
1.09867594191
1.15487742864
1.09754821083
1.13796753884
1.1390931964
1.14572648644
1.2619040075
1.20406735167
1.34141756838
1.26630726224
1.28499666991
1.2413045089
1.36251340339
1.16645114786
1.22861439323
1.16208966203
1.15272978483
1.17681007391
1.11733510653
1.07617099377
1.23225428432
1.13712491558
1.11972887841
1.25447346271
1.15714094115
1.3018221332
1.1220612538
1.22196641478
1.17349723618
1.3044542181
1.13676905674
1.16498624049
1.08916950956
1.20944433317
1.25447731788
1.18224864794
1.11913835458
1.26336666198
1.22671967852
1.11757093357
0.118815979266
1.19561937239
1.18621769298
1.27463011398
1.16868402386
1.1660133579
1.14847484374
1.14511405239
1.26843417069
1.18368205956
1.14071432732
1.12383965703
1.0896557435
1.20972004576
1.11587267801
1.10030326899
1.08330715472
1.30223999037
1.24128221145
1.66305417565
1.09441897918
1.35002301393
1.25200935187
1.17098148997
1.12080547794
1.38876604757
0.136922538483
1.31416649976
1.26053133331
0.102339142895
1.19178000768
1.20355445567
1.31379027037
1.14213788709
1.13110282037
1.26832179084
1.25669015849
1.46685285794
1.10444112196
1.22826235209
1.21887061246
1.31141271616
1.25260092088
1.09187070502
1.09060003506
1.11789953014
1.22449170238
1.52080025379
1.28186934879
1.09777634324
1.33020951387
1.29932398751
1.24290769134
1.18633061831
1.22842283112
1.1757970344
1.17749976718
1.17103334305
1.23887255125
1.16174326276
1.27915860083
1.10491214791
1.22957016378
1.08905507347
1.10688102233
1.22662223019
1.13163597727
1.40916599643
1.22869355891
1.15568145957
1.11194329891
1.27401560851
1.24341308667
1.18267707706
1.17631069526
1.17011322606
1.08095915835
1.5076779365
1.24077663155
1.09133853853
1.17820007469
1.23589395361
1.09456171746
1.12526975936
1.20015931642
1.15369428116
1.32795240505
1.09290880123
1.08818962492
1.15266583822
1.16905347642
1.15918280059
1.25106136408
1.17664099549
1.30622384799
0.132643703172
1.19941051342
1.17794427611
1.16324048934
1.08381445462
1.25558138868
1.09303347728
1.31406690082
1.26231985498
1.29459507937
1.1803673658
1.2205935778
1.25622808866
1.32665229908
1.20859747245
1.16804656161
1.30115576505
1.17020349624
1.17889011073
1.32188610907
1.08558226776
1.10393051518
1.48829802143
1.32017143172
1.18602861019
1.09104679782
1.28000017762
1.22419755025
1.21265511119
1.31022974243
1.32047500909
1.16475757697
1.34136928065
1.19955850415
1.11481213989
1.29776967911
1.3143383909
1.24670526496
1.27494983888
1.28092737983
1.14402025205
1.43109825326
1.30800019821
1.14752308283
1.14989021098
1.12422996893
1.08954171264
1.29199593735
1.25557295859
1.19884782786
1.3031598356
1.08629307422
1.20695130128
1.25399163549
1.29699756481
1.10573442427
1.11249062173
1.12504191993
1.16613589977
1.1772826562
1.14271313622
1.21016987162
1.07289039843
1.17959331761
1.11805466635
1.09870635091
1.34855965505
1.2774247104
1.41496387723
1.3407882104
1.30236500264
1.41656826828
1.18943713757
1.21813068693
1.33837048338
0.139142901754
1.16338638035
1.3344844931
1.28464879545
1.25336075389
1.17624777605
1.19779631846
1.11029185489
1.15595296925
1.28114889526
1.25798626076
1.38750880182
1.15055328418
1.11669873441
1.2624690087
1.07781437576
1.37665469093
1.34187888387
1.38794775459
1.19572543869
1.16088239179
1.19941085684
1.19111735364
1.20825186586
1.22438079466
1.12829389228
1.15036426854
1.1972293143
1.21133539536
1.15394723318
1.14677927428
1.34515754235
1.15133316889
1.36553871664
1.28399603192
1.31339599069
1.20149793944
1.07790430493
1.13362495108
1.26912639254
1.33499764674
0.184196514982
1.33905318259
1.08717820055
1.06968636258
1.21075041129
1.2632334399
1.13176320722
1.24859210108
1.11838886097
1.21250065352
1.16911046811
1.18967252903
1.55199679837
1.0936156494
1.53340414385
1.09966003927
1.20035118893
1.08008395623
1.5313092569
1.45120873334
1.56509412423
1.14002191246
1.31304614398
1.1410709522
1.23949850418
1.10760821378
1.34598012877
1.08510554642
1.06995195853
1.17906249811
1.27706021914
1.13550268713
1.09836794715
1.08980619644
1.30732732237
1.13452882398
1.18546072754
1.09795038392
1.12069674926
1.07836031134
1.21085341563
1.19246088604
1.17529137548
1.2083825527
1.29163795576
1.12445583101
1.11942472072
1.16884393426
1.18313772581
1.11503960288
1.28211668534
1.29067509989
1.14340044483
1.29511983115
1.13208628797
1.17255882109
1.08299277964
1.20398939398
1.43368662235
1.22259687713
1.12059653394
1.1366227648
1.19504724445
1.14277589497
1.18392725508
1.09441477442
1.42238176155
1.07464679152
1.13542060664
1.47046542427
1.16532739049
1.25148192974
1.14775302084
1.37785505153
1.21307191212
1.30363461418
1.39334089649
1.15864357588
1.16666324801
1.45623839858
1.26893990104
1.28113515891
1.17497787488
1.26592807798
1.18903752588
1.08462831525
1.20005291804
1.13341217558
1.18735874697
1.22361394126
1.10016171235
1.09981704456
1.19591389929
1.27663271282
1.35538485712
1.21966578862
1.37567653349
1.34285655636
1.59309599453
1.16149895679
1.10182039052
1.17540358586
1.22492712887
1.32752410302
1.39820229584
1.11674945171
1.16766016142
1.26944856634
1.14498288315
1.20449378348
1.11574665029
1.15331365354
1.14195094008
1.26661165757
0.182613719807
1.26250703703
1.07566409594
1.23013184853
1.08985737449
1.29536173103
1.13804976555
1.26033484708
1.25736838975
1.1853409665
1.31344697274
1.31574595319
1.10028812193
1.25098865428
1.32804756911
1.28972772846
1.20654846578
1.15158335258
1.54129750317
1.08927123554
1.23993665309
1.17248852437
1.09476929664
1.4838293563
1.28520617995
1.2110175225
1.28445429781
1.10262474991
1.28370671708
1.12192271665
1.50112851998
1.49291159946
1.16066359247
1.34056595909
1.11110017396
0.181329844934
1.2990416803
1.08355576569
1.26613496557
1.25494690822
0.252174818288
1.11427544908
1.10825144958
1.27612681473
1.14126982119
1.37895608
1.16349088712
1.28113388606
1.10724911754
1.08528471673
1.30671458457
1.18430344196
1.17989035392
1.07736707933
1.09235990434
1.38255406402
1.38829084986
1.42402448474
1.35341049869
1.28137099816
1.18933760375
1.175922868
1.30237484453
1.1801023195
1.3438665266
1.20050449682
1.50158747606
1.1853780998
0.237811409178
1.17643164241
1.29813251387
0.130542166807
1.20798919296
1.16402566044
1.12188942467
1.13043199993
1.35287551396
1.23151909818
1.11727240312
1.23508092701
1.23378296844
1.07219953503
1.25770598371
1.17298489828
1.39557557417
1.20274867288
1.15605841932
1.22588480201
1.15472193983
1.25053995285
1.20361582265
1.19673439272
1.31857474393
1.29767643963
1.26783791712
1.10775599338
1.24165221784
1.08333367587
1.22274834434
1.55202041514
1.26503562994
1.1140845141
1.45218549239
1.11570437883
1.31408214292
1.27100537427
1.29007649157
1.10053425242
1.43312608188
0.0764792545587
1.25252895917
1.12665396963
0.300033985504
1.30364618805
1.25874511676
1.32932977624
1.2026317205
1.2953871698
1.24672696354
0.306891264844
1.51086573211
1.06968636258
1.28869279952
1.16740610917
1.39512527967
1.33687161639
1.43411362624
1.21873839601
1.23171613426
1.13867169223
1.15355809866
1.12297723209
1.1435926743
1.50649256415
1.3909080011
0.210048649278
1.2234648983
1.13550268713
1.19663017076
1.23786667706
1.12492315574
1.14774831181
1.16774409664
1.18177557244
1.17830892186
1.08706700715
1.3038421252
1.13828290401
1.19433029244
1.41295896013
1.17339214056
1.28489939456
1.11423084895
1.28975566929
0.316367577263
1.34460727565
1.34132200615
0.0846469393496
1.28931873634
1.16901243513
1.07617289063
1.21761777908
1.48073375464
1.22816902821
1.34374253134
1.18050856696
1.1820263861
1.5308278979
1.11056417824
1.32302486287
1.10427524106
0.237215319043
1.19079130643
1.25950492817
1.16195843578
1.24161260544
1.26903350036
1.55632694923
1.16040789014
1.24121346587
1.21444905512
1.29556749091
1.21627660296
1.2911593232
1.09143271907
1.20512290137
1.17302486051
1.22177445575
0.10554137006
1.09179964465
1.12847237308
1.164780499
0.136631467949
1.2441225076
1.2501059056
1.20134060691
1.14528124297
1.14855471288
1.13353855212
1.20231737274
1.27744933102
1.14890920689
1.11993948703
1.26264213992
1.21564782889
1.14939455564
1.242362959
1.16768009816
0.138453817839
1.2382955243
1.13914539962
1.18088812046
1.36100444756
1.23184693347
1.16619988596
1.26845951148
1.18459124057
1.50527767506
1.54311192505
1.28383042556
1.51955141839
1.10760506928
1.60974677389
1.15595296925
1.61569987623
1.2268704549
1.30282241109
1.22896995647
1.24218865752
1.10695423505
1.147433721
1.23333958225
1.09972771427
1.14234257619
1.30055403833
1.29786940538
1.33053851491
1.18557386526
1.13372337726
1.28388227037
1.37203659308
1.25783070047
1.09898221194
1.17744620689
1.36325840852
1.12302320061
1.21951950991
1.11257146045
1.32482114428
1.30147292245
1.12124774451
1.2263742312
1.14344084359
1.24287858111
1.17507227401
1.14086075641
1.50097315722
1.15524576798
1.23523981138
1.22630924394
1.64061270378
1.10761733035
1.09002729972
1.16341018838
1.36303539822
0.231288059564
1.32692079287
0.0896653282151
1.15112375847
1.25157782729
1.09564857084
1.11136648919
1.13162402743
1.23462354294
1.18857155165
1.15025790706
1.1107129323
1.10685497001
1.23692323808
1.18137574845
1.10684773551
1.31000401941
1.18328023998
1.1910032532
1.13625912208
1.19325975024
1.07336786621
1.23987849467
1.56423515027
1.16056275528
1.25063977008
1.12837096602
1.19396630978
1.23508092701
1.1479728421
1.1211242176
1.65493657065
1.24833053214
1.44558602272
1.36677857812
1.09476929664
1.10511156962
1.1928011767
1.15298689394
1.25317165067
1.1385239058
1.35621142329
1.1673716382
1.16464156768
1.11674945171
1.23996070825
1.12975129369
1.36525664929
1.27635467649
1.18609098702
1.20475779387
1.56921693693
1.1944648548
1.65705520561
1.11029763117
1.13900894096
1.31903838894
1.2020450629
1.27782290101
1.24359713728
1.11041679884
1.36101037533
1.37819554473
1.4690896125
1.18505295026
1.14236766131
1.27470965871
1.21821960799
1.21861139302
1.35043752714
0.143169163221
1.1198277895
1.20935449459
1.09855375412
1.14002191246
1.39802028695
1.08916950956
1.15524168724
1.33462030787
0.165034175491
1.17891115258
1.38244305299
1.12363839993
1.20162623671
1.345904779
1.12087920195
1.43875100597
1.11601141075
0.181415905208
1.13894533386
0.207103112299
1.16651765562
1.14621757355
1.25784394715
1.2535058751
1.08151866777
1.20936895062
1.10572967304
1.2536244745
1.13333743068
1.24421027823
1.11147029951
1.15272773129
1.29916335745
1.31564857038
1.0830452566
1.26319162114
1.12071074321
1.10008411708
1.07650385059
1.11892329941
1.16211222498
1.28464628284
1.18970535717
1.28099634556
1.1060179436
1.21544210508
1.10342400688
1.30181772299
1.0884602326
1.2535427742
1.16282961717
1.46413985098
1.11224458737
1.25509581475
0.112633082619
1.28848958107
1.10567799063
1.28818462365
1.10365391666
1.25057310985
1.41268011098
1.27983760303
1.11727240312
1.2205935778
0.162102765362
1.14071915646
0.157973540634
1.30840892208
1.17227725644
1.31193431993
1.15417038775
1.35804632766
1.22875574846
1.29438312665
1.15548030396
1.24727679985
1.09153852124
1.17534172492
1.5226820782
1.13291399592
1.14861280731
1.32822619787
1.1970176311
1.19407481369
1.23948258399
1.08969403323
1.12188187132
1.24574694897
1.36137390646
1.17321752296
1.12117553037
1.20149793944
1.06074923564
1.22757346364
1.21965307341
1.40374739198
1.36779552357
1.24802115484
1.22304638898
1.33348688734
1.12660020948
1.10675063449
1.27193095048
1.14559287229
1.54774791257
1.44166719536
1.41091054266
1.31251934542
1.14669036302
1.09663125802
1.09999622895
1.11486146955
1.09060119165
1.09106912483
0.216769419218
1.16994659817
1.27094109835
1.07692194414
1.07565961266
1.10019243313
1.1799016689
1.25096477798
1.50542652472
1.23266496951
1.16339076689
1.1183769427
1.11846161904
1.2167812117
1.10815930031
1.21813068693
1.11280309165
1.22929075529
1.11727240312
1.32578015062
1.07815804069
1.19857075499
1.17476242846
1.14150502797
0.158126023083
1.15842410725
1.39223279459
0.247316029999
1.41953789477
1.10591921096
1.14818764532
1.27750286948
1.19581700689
1.17874641219
1.40009254435
1.0826739606
1.22781079933
1.26422045147
1.09263022027
0.221387312589
1.32460514554
1.16311738422
1.17202286992
1.08807347914
1.17494091358
1.12373037167
1.12821783096
1.1119350398
1.19476792894
1.12243797815
1.2876077317
1.34086735538
1.22985090852
1.20839296986
1.19848940218
1.3186405066
1.06784979795
1.27542024989
1.37718179683
1.13414911853
0.101521132676
1.19318531473
1.20389757784
1.0818903675
1.10331832182
1.18587908999
1.23784499274
1.23754036305
1.42051998941
1.27271198781
1.12157765511
1.16610508884
1.17307879382
1.28353272841
1.24327107117
1.12582717659
1.18943713757
1.0953226052
1.12189248418
1.35135751578
1.14543802636
1.22059727272
1.22802851397
1.21016340748
1.19511325738
1.09907520251
1.17324632931
1.13163597727
1.42111452833
1.17749976718
1.154658228
1.14466780008
1.11936590373
1.21009880962
1.12632899466
1.20392307009
1.21808552847
1.22991431354
1.21672950387
1.09973130534
1.26301889652
1.19636171781
1.16529527647
1.23084930794
1.11175624251
1.20149793944
1.43189307738
1.31248563275
1.15070858043
1.16350203173
1.24820761674
1.21779698992
1.27433216892
1.16503395019
1.14810592895
1.31143761305
1.35181720937
1.28123165762
1.34936120579
1.07710918348
1.33275666934
1.35675811841
1.1838197605
1.34162839854
1.17241282842
1.25738786791
1.19042427967
1.15414852038
1.23411571157
1.13138456341
1.30888264526
1.17558845118
1.38176294105
1.10775599338
1.26783503303
1.16969975936
1.25874511676
1.21893425861
1.24949556361
1.17065581129
1.10369349336
1.12224207756
1.23692323808
1.10573351664
1.20491809785
1.24134974576
1.16288472618
1.21794725784
1.25152927551
1.30255642453
1.17794427611
1.16542759794
1.20046530407
1.10927635583
1.13951031137
1.30165251672
1.10663699369
1.22158569865
1.23832139541
1.22061440929
0.104996939338
1.27966524366
1.0774556729
1.09531821114
1.21708911665
1.1866338582
1.21487332795
1.09624807135
1.12492315574
1.2280356832
1.34005818982
1.14527107513
1.21538476831
1.13805934347
1.41307890332
1.20045660193
1.07742946722
0.222729048738
1.1727103968
1.36026690145
1.18649895833
1.31930778202
1.09158377431
1.12808206121
1.13575940935
1.28513260143
1.32468234457
1.22431879302
1.23505770166
1.13429687006
1.31773732561
0.22278738866
1.18445480856
0.241176443837
1.12753247964
1.21722995116
1.07391025897
1.2250774845
1.19607190286
1.16198613458
1.50437508711
1.23034929932
1.37246536648
0.120552036397
1.07263919495
1.11482877989
1.06294499165
1.29679892518
1.07986059479
1.11973065195
1.14072688934
1.10511418717
1.17916627129
1.09119608501
1.18106328442
1.15973447353
1.35110946516
1.43707528773
1.10153853162
1.19268927893
1.18073264418
1.15176363199
1.18741688877
1.30553669536
1.24927469227
0.0871863465045
1.5039176069
1.21484217282
1.09564816456
1.10218864358
1.10684773551
1.42816002433
1.17401141724
1.22678058278
1.3905649899
1.16081637609
1.09950386016
1.1587884852
1.11261947399
1.19013898426
1.17793054026
1.09119608501
1.16752148176
1.26273750502
1.40731650366
1.14548188276
1.24750015625
1.160778784
1.3008237068
0.127657103137
1.13834382897
1.12422996893
1.22742669164
1.30203778869
1.11747416553
1.10629008952
1.2043867341
0.139522959131
1.08967869067
1.16061908645
1.11658118915
1.21868127324
1.15825797439
1.28075970671
1.22634831174
1.20387549522
1.25927448376
1.17931488006
1.18748437191
1.29223072153
1.12659370153
1.23972500959
1.16402378456
1.17833901912
1.37903060046
1.24302028305
1.17703069254
0.122086146593
1.19110935281
0.193044175768
1.17270807518
1.13680507311
1.14899295891
1.1350464879
1.34078229063
1.09637317406
1.21525797713
1.1119350398
1.23396170043
1.11239853963
1.23271750581
1.31968108658
1.19534661049
1.29465012619
1.10707480528
1.28199101662
1.37650593105
1.16126746715
1.40546529694
0.125613961395
1.16084697532
0.119498827128
1.1187705893
1.34086735538
1.1581079673
1.27814080957
1.16870766716
1.16844925948
1.27537675296
1.18795533568
1.20365317314
1.14995287991
1.17000598752
1.14321341373
1.17823583256
1.24904683599
1.19175895574
1.18963651266
0.15142892553
1.17270831525
1.15128833241
1.159958919
1.15510221645
1.20956549992
1.13353855212
1.1756920552
1.20156156202
1.14014440095
1.28256900421
0.191648010906
1.12913140735
1.10653275007
1.22159448441
0.156600378056
1.22009262678
0.148556826287
1.4218896262
1.16264730242
1.64667681682
1.16603977788
1.32079858528
1.09535240745
1.37350252249
0.194139642505
1.28680182195
1.13232373533
1.24990534028
1.21887061246
1.18800201292
1.17996186645
1.19513323817
1.13314904499
1.2866658712
1.30823007788
1.1793577963
1.24408363846
1.20892959317
0.216450710386
1.2998559732
1.33852665619
1.37158221642
1.14790756093
1.11107944671
1.2768334432
1.10389758572
1.12340303734
1.20952073453
1.28015598218
1.24767256512
1.14283486751
1.08183886464
1.36007840636
1.29679092348
1.12869518395
1.14325491344
1.16682309189
1.1697949807
1.1587884852
1.16408736662
1.17921323228
1.19053683602
1.13102871135
1.09808964399
1.22593418384
1.36412722515
1.17494502422
1.22358990032
1.2956190793
1.12380250446
1.14621757355
1.21544390875
1.18170033444
1.47252616623
0.133130552965
1.29771940606
1.28818462365
1.12947422038
1.28721948747
1.23113602111
1.24372184269
1.22204399504
1.32531514542
1.27928700224
1.0845657547
1.24189366179
1.33491728053
1.39708023725
1.11601815041
1.2833554431
1.10340665702
1.13632783234
1.1934730385
1.09299790977
1.13768186448
1.15068687733
1.38705582687
1.18299650026
1.16939654376
1.11302137584
1.19489287787
1.16824983799
1.14996542234
0.140402215328
1.15735795971
1.35310591003
1.12286142948
0.107070953647
1.09565076741
1.09903003039
1.28218941621
1.2285811077
1.29898011078
1.18098303066
1.43081245496
1.06985569437
0.155928566368
1.2707129196
1.26890552204
1.20874487421
0.169059397616
1.10425959787
1.3259557586
1.17073739974
1.23074462128
1.10786912847
0.228126681285
1.24383190032
1.08473120853
1.21948732726
1.2251429209
1.2660429128
1.10636853549
1.11547519185
1.14086075641
1.20928219176
1.23511129755
1.22781079933
1.30662742885
1.0668018973
1.31564702719
1.12146070124
1.17202692384
1.08576871839
1.15608894515
1.1081832412
1.0795630131
1.35122789815
1.30777365007
1.07492390275
1.20402014359
1.50132233141
1.25441658525
1.19664981221
1.30802051423
1.27402752089
1.14054106885
1.29217215153
1.26645946024
1.26936650812
1.1937412964
1.230404272
1.07781437576
1.36478445796
1.19498702693
1.40071473472
1.20528999692
1.25566581332
1.40060451283
1.28772779493
1.18202840271
1.54680546648
1.2486495866
1.47769238463
1.08696916899
1.21378705055
1.21809260243
1.31791633584
1.22310339504
1.52810229033
1.21157282871
1.32780680405
1.13697629293
1.29073395372
1.35265596555
1.22532563737
1.15608894515
1.19013451614
1.22237563074
1.17837576346
1.13073456443
1.19617440272
1.31121508833
1.16020949817
1.0810140828
1.22747256607
1.09403237221
1.0891154953
1.19420759594
1.17789579268
1.1390931964
1.18960939015
1.34601799527
1.18526612659
1.18165343851
1.24528152396
1.24862555692
1.17957989738
1.07614094371
1.18393955987
1.0795630131
1.20303798318
1.19810242953
1.26084709489
1.18791290388
1.1862355927
1.13676905674
0.0958091743123
1.23997087765
1.11141015023
1.19060615552
1.25240322671
1.08619199498
1.27989958314
1.25419363263
1.17462540426
1.26056854516
1.16908115238
1.12874742158
1.20446713868
1.3254966768
1.1129804931
1.18823344235
1.12397318617
1.2610711569
1.16744981146
1.17234443072
1.26551903667
1.24627527022
1.20460604359
1.18536931756
1.09473545051
1.35925188482
1.1658884282
1.07719185138
1.2328751837
1.08880597628
1.08551011901
1.15879638983
1.16119420257
1.20874014805
1.3363285408
1.13768820595
0.0926575535423
1.11310102782
1.15048407725
1.11801846626
1.25647798321
1.3722520827
1.18226019559
1.17963873201
1.19208794194
1.21007232074
1.21652066323
1.2021696006
1.2302231648
0.163474396277
0.117450283542
1.1588636876
1.29580130285
1.33678439206
1.22393948397
1.14953893074
1.17137034689
1.10874372664
1.7196499071
1.12172974294
1.20947827423
1.20284423889
1.38611235865
1.20930135637
1.10199360126
1.09485721862
1.12711662534
1.15672062268
1.1134832831
1.18019419563
1.0996805601
1.11504321099
1.20157700402
1.20540618513
1.22651393136
0.152958509117
1.13638139739
1.18775665471
1.11199357893
1.17211026799
1.13327807698
1.11138821693
1.10295505657
1.15735795971
1.13537627274
1.34455965268
1.23616909551
1.28899858034
1.22565278148
1.09166826088
1.17935589345
1.13942731317
1.31384793872
1.11700976148
1.07916006767
1.21772596508
1.28779026232
1.23222988886
1.12525408579
1.17749976718
1.2186238741
1.23603693252
1.20856436515
0.187221206079
1.2638490918
1.12387754305
1.11321995229
1.36099766813
1.14766760888
1.08847081282
1.22782085114
1.19857075499
1.20169234384
1.29998783777
1.36343799613
0.117996567302
1.14974057412
1.14489264666
1.36301171704
1.16490251855
1.38486190964
1.42121812078
1.21679980393
1.19983494392
1.17536788746
1.30873287756
1.37255139357
1.22987764022
1.28459434398
1.23465179282
1.19166383731
1.12679945408
0.162692222852
1.2393039501
1.12753247964
1.3064877484
1.14421413878
1.24268586535
1.16487852054
1.24992147121
1.11361231031
1.18533269622
1.25437932032
1.24049754108
1.4162227341
1.31249958971
1.17662111932
1.2923226522
1.26502654948
1.12412272879
1.16560592134
1.09749351347
1.14458504448
1.22729678971
1.15267103429
1.2798521784
1.38201759285
1.14621757355
1.12885402692
1.23392289828
1.15829725908
1.09060003506
1.10433626265
1.25887922267
1.26805523118
1.15814535421
1.24706119008
1.26413657271
1.13234436948
1.21068573436
0.214141907294
1.12614099104
1.38037437127
1.33202152125
1.09136198834
1.19752361384
1.45087514967
1.12258271206
1.31288710652
1.18654532263
1.20730028708
1.36632243732
1.15454676002
0.14636546887
0.155258628231
1.38386633592
1.1819580556
1.19138129512
1.18920660393
1.27727495105
1.08575352539
1.08473120853
1.18021718153
1.20341394482
1.49595449402
1.21007232074
1.36243996228
1.13687349016
1.15883575164
1.19641029288
1.26162421543
1.17794427611
1.19878703434
1.14457262398
1.18706366923
1.19438335868
1.31824635144
1.08660876148
1.25072532497
1.21227483193
1.09294578124
1.11796808169
1.2749083052
1.0861525735
1.18576649409
1.11912143969
1.19887890265
1.12129675855
1.08074326746
0.116483790974
1.08038159542
1.23315843609
1.21931507526
1.23820241723
1.15849125008
1.19750029479
1.13673689327
1.09142036206
1.09520880618
1.29785651836
1.11076759451
1.1429214419
1.11329932837
1.14162216514
1.26114576669
1.2283463357
1.25215521853
1.1664729769
1.13857607468
1.23050104917
1.27428634381
1.40805340548
1.08456148756
1.11742506797
1.14537650531
1.2607306864
1.19041761237
1.27450580791
1.33978508254
1.13641899193
1.24055428661
1.09743445696
1.33309520392
1.25452446166
1.32630111872
1.17182805583
1.27535193622
1.14617139502
1.27363379602
1.15620732848
1.25780224979
0.12354341384
1.19332721783
1.07826118837
1.16440527664
1.19953822003
1.24556620051
1.10026982365
1.24775425032
1.66588890746
1.22732726218
1.09777634324
1.19037551652
1.17118919715
1.35384093041
1.13199838719
1.19142490437
1.13796412731
1.28605700536
1.11189371166
1.12805863712
1.34300752411
1.19096177465
1.07221076709
1.20992468048
1.20550256498
1.24562066238
1.12605021012
1.11299290985
1.28968375692
1.11528164693
1.28840150229
1.16165323577
1.19208420306
1.11249062173
1.2864663186
1.14539375739
1.30492484412
1.19202430087
1.37856626754
1.28255517826
1.10547005429
1.20978594203
1.29911840597
1.21457816383
1.10476036726
1.24101981628
1.22414532123
1.21399718562
1.37104910523
1.19802723047
1.13849125729
1.10970644186
1.13157701422
1.13280710793
1.35873755842
1.17217027417
1.31824261106
1.22137984894
1.3206692935
1.13651462233
1.12672656726
1.14734555284
0.0928676647846
1.17524815328
1.46057802608
1.17768134595
1.1540858223
1.14030771148
1.37780396534
1.116408962
1.14948262406
1.13356394853
1.08020394507
1.11712787669
1.14117207193
1.36343510424
1.11189371166
1.12612566899
1.3098546109
1.12216792739
0.089311343286
1.08910298179
1.24774942793
1.26274966346
1.12767701556
1.13057208997
1.14208968163
1.08897213805
1.14030498048
1.21228439584
1.34696474903
1.38856646525
1.10745105082
0.151833804041
1.18254445117
1.32333356524
1.29348680353
1.18918227949
1.23612302062
1.0904788116
1.2700694533
1.11941259207
1.14914774255
1.09292703227
1.14632180893
1.14488919905
1.34773266105
1.31253092911
1.24037967184
1.09832356194
1.28496452104
1.17946516373
1.2474969637
0.132771090976
1.13995134553
1.09418505713
1.25361352354
1.11993948703
1.20027766624
1.16459711468
1.18012664624
1.14968019759
1.14999816407
1.31856383689
1.70102803253
1.16789909009
1.13114770435
1.17479444857
1.10159974171
1.08187869803
1.12919755614
1.27055853457
1.18071207319
1.09301100809
1.16939322692
1.07805917532
1.22170329584
1.36708039576
1.10912956133
1.13857607468
1.10533582717
1.21695355948
1.09434426706
0.1278296066
1.2664351905
1.40246998667
1.17769013931
1.1448424716
1.19976757778
1.11497352378
1.11763501261
1.12810135173
1.31822470067
1.27013661976
1.19927187707
1.24208544485
1.2527078464
1.11524486891
1.3686304528
1.24178901917
1.32451751769
1.2091625642
1.13639365491
1.13520434163
1.21011660778
1.28471085308
1.14333679207
1.18925717201
0.203419040594
1.14284098982
1.15038035841
1.35260980932
0.134669982953
1.19202731476
0.233393575516
1.14617424022
1.29286963316
1.13766302528
1.30499224004
1.36424275712
1.09442211644
1.23732523533
1.13819831668
1.08249672076
1.43327382171
1.19990745682
1.2877796802
1.26493168585
1.59907308795
1.19115092846
1.13957309159
1.13504364669
0.164123356111
1.39162034649
1.21452573369
1.19466165952
1.15724044744
1.16654326456
1.07857047057
1.17927940249
1.09434426706
1.20535947387
1.13532988257
1.13499219339
0.16645484695
1.14852573958
1.15986362955
1.31005440763
1.24358625641
1.20986325252
1.13290422579
1.1137938709
1.06368327687
1.10246705764
1.17542558174
1.31558857979
1.3191553073
1.1186295174
0.108273999146
1.2968508071
1.19340892474
1.13002028363
1.19056292535
1.14711665954
1.16038095128
1.37363739494
1.18085467231
1.13521574606
1.15036762363
1.13102364989
1.10195238449
1.18418793938
1.25825773339
1.22709078399
1.09639134521
1.31540877859
1.32151068253
1.22936539784
1.35993229604
1.15367036179
1.32794863669
1.3000890314
1.13525651553
0.11688339072
1.19430666784
1.18271554731
0.133221919355
1.36499390783
1.19757232982
1.32412875077
1.1866375695
1.1669811156
1.17452221941
0.164502538252
0.0849769441913
1.26180338364
1.10477320729
1.21638023986
1.25175292558
1.14091084295
1.25967839404
1.20354938676
1.23464179876
1.2760879781
1.13228755734
1.12829320555
1.32105504455
1.18436688897
1.4178953987
1.13769356937
1.23488376224
1.23555214087
1.18110796328
1.26386751148
1.25809184138
1.16596399238
1.11164894569
1.10970651479
1.29482692655
1.14459778919
0.181024291987
1.2399466438
1.20706025845
1.19109551495
1.09486227228
1.20406945387
1.1763826793
1.12677964286
1.16244836252
1.14466792502
1.13964158487
0.118266878342
1.22168096127
1.22066066187
1.2003163932
1.24869319766
1.19063996641
1.13989416596
1.0936156494
1.23725903481
1.11586683939
1.18275358507
1.26496848781
1.22848355141
1.11021526276
1.15726264042
1.09336151523
1.133973218
1.19738693868
1.19990745682
1.14387858323
1.14200905289
1.12033707239
1.24792235967
1.15009314735
1.11299290985
1.11265837619
1.14019851414
1.27767963886
1.25331415278
1.26142191961
1.18903565731
1.30639774614
1.14810592895
1.30977389662
1.10643995159
1.23681614979
1.23038196297
1.25246815255
1.15372864945
1.09896391008
1.18143338289
1.12824870942
1.15337262182
1.335966156
1.1167465093
1.17147029402
1.2034585378
1.17809306476
1.19030107647
1.20985918268
1.20144634977
1.18781566766
1.19284067643
1.2229847124
1.21832738469
1.21021695695
1.19307977084
1.20327405814
0.17583080814
1.1297967025
1.1516902056
1.4157178716
1.12201893906
1.20078395207
0.187221206079
1.22700861236
1.18434077152
1.1506244443
1.1686303844
1.08020394507
1.31083020088
1.11279838606
0.15742443971
1.39484821813
1.20955049335
1.2580451921
1.23548047287
1.13274929541
1.08426021618
1.50278593015
1.22806683017
1.17358721631
1.25420610064
1.28154417159
1.19538979587
1.26586893749
1.20616991737
1.13786894039
1.26761060782
1.09894058685
1.13384192004
1.10008598477
1.31831716328
1.12732439521
1.27682682448
1.35112594215
1.14652289991
1.310281935
1.16575631606
1.22659424614
1.27895575501
1.0902993786
1.22631453007
1.21905774062
1.22460521754
1.1876537458
1.29891362004
1.32817167803
1.28343643806
1.26139972786
1.21854880748
1.32473570392
1.42130927948
1.34316806457
1.16827063086
1.09681043763
1.09182029605
1.10535069431
1.16661337955
1.46233383761
1.11018806377
1.15414852038
1.40530556532
1.1134083208
1.11874009796
1.26043626107
1.40468175065
1.29223711803
1.15523390526
1.11075352379
1.29955098155
1.40889862407
1.13066439311
1.40882515491
1.10762068752
1.59373702879
1.28582686661
1.50690801912
1.28735667164
1.15438370276
1.19495703032
1.12329079659
1.19610186078
1.52028086684
1.19051951179
1.21487386452
1.32326542361
1.0655312706
1.28001364598
1.46965238296
1.29959604613
1.20792979009
1.13620426439
1.28812631146
1.22416135004
1.08847515053
1.15398268072
1.12065281273
1.290982954
1.16248434478
1.20760165546
1.11525052458
1.23378775157
0.100177051168
1.15710228825
1.25879155891
1.13853010957
1.53167254985
1.22207935634
1.10508135782
1.30045903872
1.11785570235
1.25362009372
1.26882788978
1.17121785623
1.17571213907
1.23861378
1.15269421821
1.18615709189
1.1560873189
1.11198253078
1.41409815324
1.16928444086
1.12092608548
0.128329598603
1.19337751655
1.16034028791
1.21199366205
1.14710060271
1.27352789813
1.22701303103
1.15175845584
1.1821737348
1.18071281782
1.23346072795
1.10877577756
1.16066359247
1.3671253145
1.14308321592
1.09642739219
1.08567462533
1.22328142665
1.12305790935
1.20227643062
1.14350089747
1.33445538292
1.1246945318
1.21025900319
1.22090113391
1.13996127894
1.31417861998
1.12918191272
1.17404947892
1.18769611908
1.43208488848
1.23056042575
1.21444905512
1.16940440392
1.13694145918
1.07950359678
1.13798042457
1.26892524085
1.16366470953
1.26149233959
1.20925951998
1.20456967839
1.19637785323
1.21114793868
1.34294652441
1.12322368644
0.244940312411
1.30788995562
1.150926245
1.27245974531
0.129606061323
1.18339539593
1.31777134734
1.22569425426
1.07457687543
1.1072329831
1.18554872836
1.08716589792
1.30684179826
1.10421750325
1.23838606649
1.17310056283
0.113738375243
1.18025123606
1.29493254928
1.29273835926
1.1380664382
1.14947552288
1.21560164945
1.24114479316
1.17270807518
1.09966542574
1.1728601507
1.15438370276
1.21730266316
1.21388627359
0.164430386019
1.16942812525
1.52798923708
1.2131481524
1.31516841329
1.21673979025
1.13049452603
1.11646916476
1.08633707615
1.22965048556
1.19613189702
1.38559654075
1.32663494657
0.133073895137
1.17843644001
1.10068501724
1.16609957082
1.11127636643
1.2619842701
1.43766926204
1.18494049379
1.21993208635
1.17577274456
1.17792997075
1.23206358562
1.0892292479
1.14850698726
1.14805650035
1.11864255843
0.0977234923159
1.28142414289
1.33084528388
1.28309317939
1.15486789241
1.22730406852
1.182256648
1.2011656443
1.12934850958
1.23075878379
1.15084112405
1.12790541819
1.14914774255
1.21873803201
1.16382778403
1.21526143205
1.20130782396
1.20760165546
1.30917989265
1.12397318617
1.25855726961
1.18396353305
1.23707389658
1.20763093468
1.24183977314
0.18427283826
1.69763956701
1.17031348079
1.26983585696
1.33780717401
0.174646655422
1.28154737402
1.3173398093
1.18760017166
1.1250776181
1.14790299103
1.4730711523
1.12269517562
1.29258663775
1.21222164894
1.12732439521
1.14578983112
1.13962642802
1.18324604515
1.17805900549
1.30400006444
1.17519090282
1.09418505713
1.24544134528
1.23854152097
1.24405994735
0.144690473096
1.48615477219
1.16880702243
1.30512132419
1.24008171643
1.40445934982
1.08776223503
1.32910648746
1.1138510911
1.31998128455
1.29679190277
0.121143134954
1.29395719451
1.12150071726
1.12525408579
1.46324094124
1.34097681899
1.21740199662
1.06814946438
1.23277751838
1.13194069187
1.1717586956
1.37967692628
1.36338840621
1.13947250186
1.45691749305
1.2550946334
1.4267910776
1.36558674549
1.1822433276
1.14752190343
1.19527555444
1.27140166775
1.41976003615
1.21799855469
1.4617525985
1.1541223777
1.15703406782
1.15573891125
1.26232398537
1.38744343574
1.2127660512
1.38574620988
1.1666699932
1.31680360898
1.11699477516
1.15185430598
1.16573992577
1.22941309076
1.12365510574
1.18367297648
1.14578699341
1.27680219785
1.08844774905
1.20348405417
1.2129946395
1.13499220409
1.15909770968
1.1795299162
1.21144700035
1.52265787543
1.14591658921
1.18598333259
1.07769698495
1.26736804478
1.36487386057
1.18652560867
1.31442708094
1.31855765588
1.20377631352
1.22181073019
1.25107664333
1.1171421553
1.21295020779
1.22801358831
1.11651702066
1.3098060033
1.1517926342
1.34443357001
1.32883768306
1.1440501303
1.37822153638
1.21933996294
1.26448517962
1.22933521034
1.16215420659
1.23297307313
1.23260993663
1.17367954289
1.08348112016
1.13232725561
1.09399072081
0.110362468517
1.13956943921
1.34241411923
1.24764575394
1.08342105296
1.21242268647
1.10671552406
1.32399831454
1.24098518738
1.17333678304
1.07545425501
0.102467344395
1.17437379926
1.24598965057
1.11371651544
1.10613729605
1.13875090892
1.11399931772
1.08163737498
1.18579899135
1.21371423894
1.38785239768
1.19182645909
1.24160952618
1.22582485781
1.20703687479
0.164123356111
1.42287443618
1.11186723537
1.14539297455
1.37962186379
1.37968646616
1.36946276632
1.12885557146
1.12758260044
1.28902707288
1.10299595405
1.41552208043
1.3295824834
1.18085467231
1.1167016502
1.16616871318
1.17415974153
1.17794752606
1.09732456064
1.07919903091
1.16578393178
1.41880866058
1.1405882778
1.16140112911
1.19069417235
1.2963377539
1.53895613951
1.12256992595
1.28222873485
1.10489854939
1.41016426873
1.16205159073
1.34095000949
1.18281117882
1.31528382528
1.1179469768
1.16107494742
1.12438044213
1.17900981383
1.18982439586
1.14030771148
1.29756475403
1.3190609785
1.39410948057
1.15356823182
1.16807903156
1.27355492131
1.10590948923
1.15521524994
1.1615643295
1.09588827139
1.26993468628
1.25120963179
1.52849006751
1.20281821174
1.28285369688
1.1809602851
1.0880565802
1.18921186699
1.13228755734
1.1311762765
1.26119566189
1.18214596151
1.14199442263
1.17911887537
1.26597783742
1.0907205119
1.39924325018
1.09429771857
1.32718151001
1.22663763146
1.24693577068
1.25179691298
1.2254630852
1.22992190979
1.46649019762
1.38949057617
1.30329085128
1.28904662079
1.41953664919
1.08370421757
1.11244519773
1.16020090218
1.25924808926
1.2780736735
1.38138979878
1.18134559074
1.20203834889
1.14687660467
0.102514743872
1.23923208355
1.20782881437
1.23589395361
1.16167930722
1.20169234384
1.11264084609
1.40844776533
1.271041426
1.09717593496
1.16967438189
1.22293023523
1.18886843984
1.13423866145
1.29271351976
1.10998763414
1.08857546087
1.23926386
1.4625614841
1.27254723925
1.34490677382
1.18741470273
1.142864168
1.18463427325
1.63642848245
1.458407972
1.58724492001
1.20344251297
1.1479126206
1.1856337412
1.22147891598
1.24303302134
1.3409271199
1.10267349767
1.23183342343
1.11525276791
1.25413933096
1.14997002282
1.12631393862
1.25290553767
1.12288539477
1.20826257926
1.2950194352
1.25513681014
1.22231870997
1.16687381954
1.18696195783
1.20848271016
1.16903410639
1.11411101706
1.09082458021
1.18419116964
1.10522874223
1.34831646198
1.10638510015
1.3186421025
1.17235663381
1.25568502663
1.20577051438
1.19540469858
1.11578777362
1.15665907582
1.29402289853
1.11563885748
1.29049505844
1.23564502382
1.22420320464
1.28655046247
1.29841652509
1.19820688577
1.31109209159
1.12149847128
1.23774755327
1.11871276594
1.07179633715
1.14191994483
1.70626692531
1.1811114885
1.24422135233
1.14738301559
1.13641899193
1.16727615719
1.40208626514
1.27454260227
1.32582139921
1.1186295174
1.34563912565
1.20651537714
1.20548252141
1.26784813881
1.1191353728
1.20102364245
1.0912779563
1.21477223975
1.09841617544
1.21275426736
1.19757232982
1.42845543134
1.21257318399
1.13511467243
1.1204891798
1.30959409398
1.16819697801
1.14752220087
1.22945357719
1.14810224081
1.11213131637
1.23590800932
1.09434426706
1.19437355448
1.13511803714
1.25385182768
1.145484146
1.20141414903
1.26229333543
1.24455931237
1.11056554151
1.16161881907
1.22120664715
1.23338686601
1.15411899322
0.118967723235
1.09557360391
1.13668183097
1.09050078651
1.14165144652
1.08583621574
1.1074566669
1.15366737069
1.27751202501
1.14601591914
1.23366420437
1.13419657943
1.23263983819
1.25753653581
1.25183919753
1.24093524682
1.10299183662
1.19906909042
1.48634940264
1.33356162288
1.1939619689
1.08753245937
1.23725903481
1.0972617268
0.15203706383
1.30625276476
1.17438245397
1.42013833284
1.27660665397
1.42639929339
1.16196125272
1.11522095952
1.19300414258
1.18982439586
1.12005496199
1.3813420305
1.23995515763
1.11491719217
1.16514766308
1.49530282877
1.11956071177
1.17678355352
1.15228962369
1.29787704619
1.27563095091
1.09595331307
1.15857525638
1.15009525545
1.20050084765
1.124944496
1.33125245594
1.09909391014
1.17905775155
1.15565848063
1.22490893113
1.11578614626
1.20722915954
1.45435773134
1.16867602785
1.41761911797
1.23395563734
1.10458250209
1.30731888517
1.12313281895
1.12863190757
1.16009695785
1.3436727668
1.27874440847
1.31655487146
1.22480966863
1.38417588387
1.09136994625
1.2328751837
1.4087653513
1.08278052191
1.10271351548
1.12261316359
1.14956175156
1.32724946378
1.30558047124
1.16813225093
1.22211918709
1.23646143856
1.21473881718
1.12668378469
1.21009060595
1.1413189622
1.14580477573
1.09190673289
1.29462457024
1.18276468832
1.26449113995
1.2177217928
1.2972013498
0.193681224193
1.08649072448
1.20449196361
1.18940326272
0.204808846323
1.17131834141
1.13372781936
1.22872795741
1.18140245679
1.26929825764
1.23589395361
1.26856545042
1.49147726941
1.25171280789
1.24453630972
1.28733692732
1.19428323262
1.23586399454
1.13032125553
1.18719100618
1.14840276207
1.24639768178
1.21146792927
1.13225469381
1.15575783684
1.11702361634
1.09520880618
1.08426920284
1.07894769553
1.21732256922
1.33584540968
1.0958161465
1.30092823508
1.34054748568
1.1239277129
0.0819420579673
1.17875194157
1.1665930196
1.18768251902
1.28550698386
1.21526143205
1.11299071051
1.27754811234
1.19781861564
1.21963408464
1.25169024381
1.17298799228
1.12650754694
1.15256823262
1.14585420757
1.14050013527
0.0880670181216
1.31993665781
1.24127938798
1.23665234425
1.12631393862
1.18285756254
1.08910291928
1.17155750939
1.54247951626
1.17123268728
1.70567952577
1.14640215981
1.21387364973
1.20576447367
1.25753434511
1.08422317496
1.08637278673
1.29871616015
1.29371327721
0.157738457826
1.09072277108
1.15886192482
1.09935389885
1.20534808199
1.18645827431
1.18644219495
1.25361352354
1.20816107151
1.26034891936
1.1997221157
1.22188418264
1.23679204444
1.25686499806
1.32529668129
1.31824015697
1.25245067421
1.06410879345
1.1128188486
1.34571006772
1.11956071177
1.22946391241
1.3301906831
0.128679378298
1.3178712846
1.11165277324
1.24091545332
1.15714094115
1.28225480743
1.09890205893
1.31272981838
1.15986362955
1.11525276791
1.15312415174
1.37816552596
1.27765876327
1.18585584777
1.15940927761
1.20533219184
1.14840478226
1.229241526
1.14333679207
1.24188851846
1.39532921192
1.33248678554
1.31985572441
1.35826950555
1.25559791928
1.31766495142
1.13905276485
1.21996585894
1.1719413196
1.56284057585
1.2127660512
1.14919789035
1.24716376469
1.31651594878
1.15910691659
1.26221395347
1.12450298787
1.15573891125
1.11332420426
1.28850370254
1.23664773795
1.22059131494
1.30811854506
1.181225043
1.22117441561
1.21435546276
1.47338229906
1.29168373201
1.26617750883
1.12780628253
1.13209002951
1.38354129294
1.138300635
1.13119936286
1.3271522009
1.09832356194
1.27526031036
1.30861072033
1.4019499696
1.14568536803
1.17988502159
1.19723114698
1.2678878943
1.14634669238
1.10304752859
1.3018803531
1.09742737902
1.5750102123
1.28815699166
1.37575559497
1.07660651253
1.2375411786
1.29619711375
1.22857882035
1.3293915798
1.16619786804
1.18446979315
1.35768101712
1.12183626845
1.19999744858
1.20232869353
1.11973820157
1.08800949
1.31164732591
1.11992304927
1.1429988087
1.10638510015
1.18378185025
1.31246077882
1.31334346275
1.34953027497
1.15687970158
1.30440136586
1.30760572023
1.42026081257
1.16068139256
1.36271008938
1.1460950612
1.50185329649
0.179559981829
1.17379047009
1.33699640334
1.24556331974
1.34163950544
1.23031010399
1.20837471564
1.1242701342
1.28325824178
1.22968630311
1.29354978117
1.44861661554
1.19115092846
1.22530178348
1.20023017423
1.17062260182
1.44496321823
1.09743445696
1.19504314781
1.21129263298
1.14737239468
1.47619761428
1.28668800982
1.10853063799
1.24022478406
1.14219550734
1.21793826581
1.13646449672
1.42686209625
1.15542356356
1.20435449971
1.50541569279
1.37807999695
1.13344549418
1.10774542722
1.48395938266
1.24196052578
1.13823677021
1.17201905043
1.16602481906
1.17584958077
1.1036067463
1.27792315552
1.15438370276
1.35738930642
1.21905774062
1.19642934069
1.19913549853
1.22867894365
1.1576955617
1.23575345447
1.16687060842
1.2168840252
1.14069544096
1.17962797906
1.25243932299
1.11045056696
1.23271741387
1.41681830097
1.30270066606
1.37345471853
1.20524916664
1.3870520756
1.16005957022
1.18713850353
1.17366517102
1.31339238787
1.33413593148
1.2031750679
1.18840954678
1.45860998147
1.35338646378
1.26308425935
1.12776880091
1.32024433347
1.21475251005
1.09829302992
1.29117290838
1.37999658393
1.4411468019
1.14789128058
1.15191356318
1.22960551071
1.36601150304
1.43683564925
1.37670456582
1.18833456559
1.20216628555
1.33125245594
1.13924303574
1.22420756871
1.20122378289
0.152331621631
1.33063591544
1.39578765168
1.20765993928
1.28971797309
1.1222353982
1.27660665397
1.10012706488
1.19226487032
1.18728210245
1.17236163973
1.16052752227
1.14852573958
1.18531908923
1.17050501324
1.33593515999
1.15474643784
1.1681301854
1.32020965572
1.25243466374
1.20298828031
1.09027521134
1.23984609855
1.1939397566
1.13998103313
1.20811235236
1.11205268081
1.1879215083
1.11253026288
1.37216205182
1.12715844352
1.38987014184
1.14281612202
1.10979720838
1.20528795358
1.23896408209
1.1809602851
1.18795146673
1.22042640564
1.13696438636
1.28854648641
1.14034724313
1.19177350005
1.15467833635
1.34936194161
1.29139840997
1.1274499744
1.15578718958
1.16464681523
1.20612113368
1.09446404604
1.15622733062
1.16856287266
1.12764005975
1.19177350005
1.16172898624
1.38808276295
1.1326903489
1.27931846991
1.40084693361
1.18599541529
1.14400496736
1.24987574776
1.40226542527
1.30786883852
1.27927781194
1.26583850056
1.13531900637
1.25120963179
1.15075629571
1.21387111472
1.24426229435
1.14571461748
1.22560585509
1.46839907945
1.16197370986
1.22719349545
1.11727246964
1.20178104235
0.11830384337
1.21204894611
1.29932362442
1.08974435424
1.24875855257
1.22181614106
1.31007879103
1.20624179159
1.2167625694
1.31370924788
1.34571006772
1.1186295174
1.22849668995
1.17815587121
1.25483967917
1.19786674017
1.12891833976
1.50850215724
1.13102165204
1.28081600355
1.3056167101
0.182012077396
1.17037034129
1.1186295174
1.0972617268
1.121227242
1.11155807262
1.10823738096
1.08753204147
1.18383621061
1.2298895031
1.13241293444
1.21549802425
1.25167440146
1.21299223401
1.09008262114
1.22712508919
1.15886192482
1.2800056992
1.36661355838
1.12653980733
1.40524360152
1.29469121337
1.14291343331
1.11130503409
1.18453480799
1.38573645804
1.19757617552
1.3062130674
1.29614618782
1.1480281981
1.16967810649
1.15714094115
1.20128652907
1.22560585509
1.17446989197
1.27001551239
1.21046393247
1.1559271779
1.09703491823
1.1329396468
1.13602644009
1.21978495388
1.15883575164
1.68842525086
1.13406984591
1.16090478669
1.27372532379
1.48930100894
1.19047556933
1.30880726564
1.09699653511
1.1759739163
1.13155623903
1.19904518838
1.13227112443
1.1918203201
1.28270652929
1.13215393248
1.15818802348
1.17252225665
1.11854571081
1.28021635386
1.11110192978
1.26632328639
1.08953948287
1.11419318316
1.09959967039
1.12157765511
1.11125967859
1.08163578596
1.28813191977
1.29715196621
1.09050078651
1.30294424547
0.18283321248
1.19522920058
1.19977146621
1.07762503021
1.16462872438
1.11100315755
1.1757398402
1.20345233311
1.12444320663
1.33371047048
1.09713280567
1.1394349111
1.19020736138
1.38664939566
1.12065760322
1.1061036581
1.20458059793
1.30874874176
1.23725903481
1.155144938
1.26146912886
1.16368915305
1.22144318496
1.11632762947
1.15793898028
1.19154312266
1.12057426127
1.10878987963
1.19673720498
1.12723931789
1.12466204707
1.22294363299
1.12805863712
1.32989681428
1.1125724697
1.48784869165
1.17957989738
1.23050104917
1.21711517354
1.25334967403
1.23730734689
1.13165862827
1.14766760888
1.13077193719
0.110969895688
1.11025210888
1.13361690659
1.06371420184
1.21693819149
1.17425437891
1.13264660179
1.38328723922
1.23653934452
1.2939771313
1.12482622489
1.16616871318
1.12842451203
1.24774942793
1.13678351036
1.08337271684
1.11664136143
1.20056585101
1.19923609633
1.19592589729
1.22699529372
1.12892432146
1.2220449071
1.11742506797
1.17900981383
1.3282596927
1.17219047758
1.1204364821
1.15949764652
1.10309141909
1.16016583792
0.165573635149
1.19186041541
1.09486227228
1.09897548471
1.19969993697
1.10195436897
1.12268604895
1.33768020332
1.27382043387
1.08525731345
1.22351943598
0.109076966254
1.15234817368
1.08331525424
1.22128010109
1.24324886384
1.13228755734
1.14111512894
1.33736972541
1.16604825188
1.29328148462
1.10372748837
1.18961347784
0.113056286375
1.15520030804
1.11099341635
1.41859956061
1.29616372065
1.47308272908
1.11831257031
1.18949348496
1.13142646174
1.14042018143
1.24916188497
0.0896653282151
1.31513795954
1.19964657899
1.165392317
1.1861739201
1.14704663824
1.34119551554
1.10344969105
1.12044198656
1.16135948453
1.07986176779
0.157853182065
1.15202669239
1.13384192004
1.09296698054
1.07623414018
1.1433276778
1.20848271016
1.13262035374
1.12229270317
1.14212116797
1.09301100809
1.276797975
